0.0  6.4  8.2	4.6	 5.3   0.71  5.7   3.2	2.3	 3.2  9.7
6.4  0.0  3.4	4.0  7.8   7.4   12.8  8.0  9.1  3.4  4.0
8.2	 3.4  0.0	5.7	 7.2   9.2 	 13.4  9.9	10.2 5.0  5.7
4.6	 4.0  5.7 	0.0	 6.4   5.6	 10.3  4.4 	5.4	 1.2  5.3
5.3 7.8  7.2	6.4	 0.0   5.1 	 6.6   6.1 	5.2  6.2  10.7
0.71 7.4  9.2	5.6  5.1   0.0	 5.5   2.3 	1.4  4.5  10.0
5.7 12.8 13.4 	10.3 6.6   5.5	 0.0   6.6 	5.7	 9.6  14.1
3.2	 8.0  9.9	4.4  6.1   2.3	 6.6   0.0	2.8  5.7  8.2
2.3	 9.1  10.2 	5.4  5.2   1.4 	 5.7   2.8 	0.0	 5.7  9.3
3.2	 3.4  5.0  	1.2  6.2   4.5	 9.6   5.7 	5.7  0.0  6.0
9.7	 4.0  5.7	5.3	 10.7  10.0  14.1  8.2	9.3	 6.0  0.0